time,x,y,z,phi,theta,psi,x_velocity,y_velocity,z_velocity,phi_velocity,theta_velocity,psi_velocity,rotor_speed1,rotor_speed2,rotor_speed3,rotor_speed4
0.06,-1.06058341176e-06,-1.18281710004e-07,10.0096845063,6.28293874834,0.000616347160994,0.0,-8.42322036015e-05,-1.83964689602e-05,0.322781629096,-0.0139502393882,0.0254291228076,0.0,501.95141874948786,503.793022069315,502.92414233500745,501.9129679888242
0.12000000000000001,-2.20966902583e-05,-8.44267322971e-06,10.0292439095,6.28200541162,0.00201668423218,0.0,-0.000746260368111,-0.000336925117625,0.329196401495,-0.0189767275572,0.0187920520324,0.0,405.8397888832918,405.2438384538391,407.1623672316772,406.7125684580112
0.18,-0.000126533880026,-6.34997923256e-05,10.0573347598,6.28162262686,0.00411069740877,0.0,-0.00295607699809,-0.00158605546171,0.607058436885,0.0112172840224,0.0557374677466,0.0,488.71255989120954,491.4585040727492,489.28968703646234,491.5321367473454
0.23999999999999996,-0.000411913710315,-0.000191376969371,10.098900158,6.28186859201,0.00762088820591,0.0,-0.00694244630738,-0.00261740028469,0.778351506546,-0.0165731757967,0.0635267824108,0.0,459.19246391328033,459.81211733089685,460.34309615018145,458.13907410158356
0.3,-0.0010206406584,-0.000382692627047,10.1510341327,6.28118973383,0.0111548034658,0.0,-0.0137684231176,-0.0038530569839,0.959309137664,-0.00245717289016,0.0475085165742,0.0,463.5651931358873,462.3071683267005,461.5488803513337,462.6615773414227
0.36000000000000004,-0.00209038103469,-0.00065483343726,10.2117481038,6.28185021734,0.0144081452492,0.0,-0.0222047574525,-0.00518304118468,1.06439369448,0.0294532393477,0.0650742629366,0.0,439.7531723852416,441.2075723046224,437.128344977149,439.7791037299804
0.4200000000000001,-0.00370267754587,-0.000984187189953,10.2764312056,0.000701265531106,0.0187040613629,0.0,-0.0319144082806,-0.00562074275312,1.09167788367,0.041666534063,0.0821976550825,0.0,413.4437425565589,414.95375729910546,414.0144186962969,415.08803531623306
0.48000000000000015,-0.00613556371838,-0.00129030689151,10.3506576897,0.00350543215792,0.0239190933785,0.0,-0.0498381524603,-0.00423632478354,1.38221884684,0.0553191419477,0.0949874188181,0.0,494.58242270238173,495.5287461530787,494.26350831408763,495.2695888194907
0.5400000000000001,-0.00960585531263,-0.00146490148885,10.4351466788,0.00722373059203,0.0292098421887,0.0,-0.0663633313714,-0.00124763987275,1.43400127467,0.0727417745776,0.0689055739552,0.0,424.7227302806677,422.48670148203064,422.29045000924134,423.7934198067976
0.6000000000000002,-0.0141684612146,-0.00138407982012,10.5229001761,0.0117019799786,0.0330782942,0.0,-0.0861059970446,0.00436407639805,1.49102610282,0.0781803502815,0.0536860328076,0.0,425.62436711583496,424.3231331356721,425.2332353578275,425.70344667370875
0.6600000000000003,-0.0199877792322,-0.00087881840207,10.6140711772,0.0163190482862,0.0366779823925,0.0,-0.10819724924,0.0129219662783,1.5479133422,0.0743734583493,0.0703057064084,0.0,425.18193047445664,426.6059454476729,425.02015779360903,424.69877539313165
0.7200000000000003,-0.0271114166974,0.000185559616296,10.7061426941,0.0203540253202,0.0406359542899,0.0,-0.129600868333,0.022916704942,1.52115240901,0.0465684642347,0.0554539921136,0.0,398.4977713763077,397.14168430464156,398.05389757147174,395.50517410335874
0.7800000000000004,-0.0357549217384,0.00199870651275,10.8007477063,0.0229926938429,0.0444035797317,0.0,-0.158880931819,0.037800070603,1.63217180852,0.038216923556,0.0744579039881,0.0,442.65328570475117,444.2170428612291,442.73804873800077,442.05153555772284
0.8400000000000004,-0.0462586567837,0.00476897117026,10.9024584869,0.0254328367718,0.0488009731627,0.0,-0.191704969101,0.0547879667706,1.75797128581,0.0451692628412,0.0708465289727,0.0,448.5784086221814,448.28919474078276,447.1327169474269,447.69954903455266
0.9000000000000005,-0.0589091938702,0.00865669254053,11.0133997894,0.0286436137759,0.0528976070235,0.0,-0.230442863895,0.0751364207639,1.93974340401,0.0664287103926,0.062570716222,0.0,465.0753818030802,464.43005475809645,465.34405836170174,467.0068085928262
0.9600000000000005,-0.0737927490084,0.0137432722425,11.1318098357,0.0324684106545,0.0565015699624,0.0,-0.266028579869,0.0947920431788,2.00710568958,0.0577587777387,0.054518820006,0.0,431.1518024196429,430.4736840275315,430.7109766919839,429.9802382872468
1.0200000000000005,-0.0910036871625,0.0201538268498,11.2564001682,0.0361966954251,0.0593950054501,0.0,-0.307993430421,0.119272368639,2.14561551776,0.0697039809956,0.0310488527909,0.0,454.08639083161324,452.201116122935,453.09823881344477,454.0601633083334
1.0800000000000005,-0.110665229521,0.0280397980564,11.3871934766,0.0408329599889,0.0617607374131,0.0,-0.347594947729,0.144019686647,2.21399440693,0.0892227474611,0.0523899802762,0.0,431.85285083371156,433.6499487540084,430.17043447324494,431.82485814213294
1.1400000000000006,-0.132858645794,0.0375753294145,11.5237503428,0.0461415882,0.0652172769768,0.0,-0.392522260375,0.174381747179,2.33759916781,0.0869436888071,0.0664060518652,0.0,450.0180659907831,451.153325938302,448.9981919728949,448.81969019085454
1.2000000000000006,-0.15781781179,0.0490399617898,11.6676035223,0.0511992637665,0.0688980891192,0.0,-0.439840646949,0.208297927196,2.45719045285,0.0783905038534,0.0485881526868,0.0,450.1261492729594,448.6845323876912,449.2482688816052,448.55994863931164
1.2600000000000007,-0.186155167841,0.0629913992958,11.8252748548,0.0555659104276,0.0723627717791,0.0,-0.505131722723,0.257334807504,2.7976645755,0.0581418096519,0.0716280634992,0.0,513.6103769346,515.2434965340162,514.1677213788519,512.7344599667185
1.3200000000000007,-0.218141492564,0.0797157421844,11.9982900997,0.0597260783863,0.0766569565559,0.0,-0.561533814431,0.3005521175,2.96899698552,0.0854851227087,0.0714529198848,0.0,468.2000142871303,468.19004432431467,465.55493191429946,467.69266812993897
1.3800000000000008,-0.253624857465,0.0991450783452,12.1817486514,0.06554798758,0.0812037252952,0.0,-0.621713333611,0.347686562207,3.14571140977,0.11354833211,0.0832652957092,0.0,469.5572593089394,470.476871606032,469.07729290277973,471.25868985213106
1.4400000000000008,-0.292937867385,0.121631405601,12.3771345452,0.0724145060156,0.0859253433444,0.0,-0.689256430729,0.402628521626,3.3663855185,0.116170355213,0.0674801715184,0.0,485.21786070474695,484.0356783525926,483.69339517099615,483.90132713108716
1.5000000000000009,-0.336061542435,0.147280490036,12.5816730058,0.0792536513988,0.0904242948549,0.0,-0.748610511531,0.453004362117,3.45118382768,0.109218046049,0.0868525196382,0.0,444.1312626357007,445.7216539635772,444.7588393965236,444.20059791297797
1.560000000000001,-0.382820135928,0.176068088801,12.7910360956,0.0855311846794,0.0953547199215,0.0,-0.810493129179,0.507187872929,3.52721192119,0.0933515003286,0.0706299740591,0.0,443.3154194944284,441.9857824234193,443.5030139088476,442.20733234938064
1.620000000000001,-0.433173350904,0.20803449079,13.0027211484,0.090860247956,0.0996961346665,0.0,-0.86832733892,0.558828448629,3.52883046778,0.0777216563382,0.0756028680691,0.0,419.62113950047103,420.05700819488516,419.3477605715182,417.99478723668864
1.680000000000001,-0.486979153388,0.243101164462,13.2135274166,0.0956677983708,0.104306784015,0.0,-0.925593160328,0.610449773806,3.49802137769,0.084543544674,0.0792164747873,0.0,408.4667069591769,408.7940973389826,408.0703294876136,408.6846437423987
1.740000000000001,-0.545364264336,0.282316431103,13.4324919792,0.100812849472,0.1085605341,0.0,-1.02108706268,0.697287632888,3.7996289917,0.0880608222613,0.0438331267864,0.0,511.6150947934373,509.09237772687305,510.7730232383448,511.0288105042447
1.8000000000000012,-0.60914739719,0.326472596215,13.6655552354,0.106045460217,0.111117937922,0.0,-1.10525148461,0.775099290354,3.96840343273,0.0854534204534,0.0400877424856,0.0,475.12021194571827,474.83382060597194,474.77360683787003,474.579266237666
1.8600000000000012,-0.677810135498,0.3751939042,13.9066761344,0.111228903717,0.113851934336,0.0,-1.18373796799,0.849414413203,4.06844272208,0.0882011792246,0.0547337910279,0.0,454.64049872899227,455.81368081000846,455.58082771343066,455.8064475960324
1.9200000000000013,-0.75148405325,0.428713514577,14.1558447812,0.117286616137,0.11741906673,0.0,-1.27237980768,0.93512477257,4.2363508169,0.118710558545,0.0675224714373,0.0,477.1114103090209,478.08906406973944,475.5556123165168,477.89468206943616
1.9800000000000013,-0.82969517085,0.486651424655,14.4077924244,0.124711914246,0.121706422289,0.0,-1.33501765709,0.996706536647,4.16199660589,0.132296476666,0.078343159385,0.0,399.9721548801813,400.96104599608407,400.369896513987,401.6198054451287
2.0400000000000014,-0.912733133833,0.549416773334,14.6632863034,0.132432597092,0.126276547718,0.0,-1.43336565965,1.09625284114,4.35343383335,0.120237828993,0.0714236216639,0.0,486.2030621046402,485.6883490866171,486.01953997745915,485.12837145522
2.1000000000000014,-1.00124355231,0.617767504754,14.9260551925,0.139729301183,0.13049454942,0.0,-1.51736612605,1.18273267884,4.40506161077,0.12422446952,0.0679537413967,0.0,444.68711444199414,444.40652227681244,445.5644341989878,445.9035821155175
2.1600000000000015,-1.09528694421,0.691879932585,15.1949508601,0.147851895367,0.134492768835,0.0,-1.61778117761,1.28841508547,4.5571861487,0.151473410414,0.0638655618576,0.0,477.3536113638445,477.04448023497406,476.1638315672433,478.25910624746905
2.2200000000000015,-1.19535265321,0.772410570916,15.4722359343,0.156482824623,0.138505322388,0.0,-1.71809155975,1.39676233973,4.68475345586,0.120765083789,0.0723008137428,0.0,471.3207635253681,471.97535615889285,473.059848711415,470.7064199874466
2.2800000000000016,-1.30138558156,0.859452726396,15.7561113559,0.16331134733,0.142464046417,0.0,-1.81671221182,1.5052427591,4.77701904591,0.0938957675944,0.0487007305716,0.0,463.8542850832017,461.9999029031835,463.6987277397151,461.5934764122341
2.3400000000000016,-1.41333410362,0.953036385803,16.044914417,0.168981057805,0.14573660567,0.0,-1.91517275102,1.61465669234,4.84912337727,0.0956669641365,0.0642163911819,0.0,457.030506580948,458.267506943759,458.3059063031775,458.4539582236698
2.4000000000000017,-1.5316929637,1.05378241189,16.3408731551,0.174607892709,0.149236608962,0.0,-2.03043117712,1.74398143784,5.01504007436,0.0897155765762,0.0427238052269,0.0,489.27936076665134,487.67835364471756,487.4054792301108,486.9670234113339
2.4600000000000017,-1.65613396134,1.16134712061,16.6407779866,0.1801968861,0.152185184993,0.0,-2.11786604925,1.84192355729,4.98164452741,0.0992554227544,0.0596031113214,0.0,427.0510889704719,428.49026631466006,426.8184241518319,427.6396442566295
2.520000000000002,-1.78708179578,1.27628171232,16.9463219865,0.186177584489,0.155512958725,0.0,-2.24731889859,1.98966755907,5.2016738395,0.100510294732,0.0455373818569,0.0,506.7586311730896,505.7480461811142,505.96058655777216,506.058167348512
2.580000000000002,-1.92526298205,1.39948386297,17.2611533463,0.191952762827,0.157728845586,0.0,-2.35891859201,2.11749688937,5.29186778308,0.0859882141821,0.0079528757753,0.0,471.50231035364624,468.58961723336904,471.8555479103923,470.7401763988964
2.640000000000002,-2.06994639718,1.5301738209,17.5798883288,0.19654930674,0.157932502088,0.0,-2.46388014078,2.23918328232,5.3321078744,0.0410028073965,-0.00778856361969,0.0,456.76535284275445,455.5079713390975,459.18394291968457,455.60450003303964
2.700000000000002,-2.22055976578,1.66776602179,17.8986805916,0.199101043928,0.157957883969,0.0,-2.55660777643,2.34737889152,5.2942554682,0.0454179564412,0.0131822746893,0.0,431.3963607865794,433.16389294777883,432.283253355201,432.6562588595149
2.760000000000002,-2.37666189342,1.81177005314,18.2146360145,0.201685891552,0.15859219282,0.0,-2.64692587197,2.45292679352,5.23761952082,0.0379421938849,0.00475973763902,0.0,426.8901663884732,426.17058741583315,426.12956378879875,425.49100071285136
2.820000000000002,-2.53882288897,1.96291093173,18.5309679602,0.203910023602,0.158312078846,0.0,-2.75842875607,2.58514426649,5.30615465784,0.0352628043243,-0.0408938702197,0.0,468.19200064922387,464.62574684841246,467.21229755959837,467.0038744453606
2.880000000000002,-2.70722839609,2.12145074434,18.8486753548,0.205923177419,0.156269053155,0.0,-2.85496440454,2.69961558215,5.28400765142,0.0298924787713,-0.0230264957973,0.0,438.6689288853394,440.1498822229216,438.74529977814313,438.29956877379607
2.940000000000002,-2.88167236431,2.28722218102,19.1666867711,0.208091736269,0.154484097319,0.0,-2.95971079924,2.82614001284,5.31598145219,0.0463762782417,-0.0486727003373,0.0,458.1134844700306,456.0688834597353,455.65899468579084,456.9756558205614
3.000000000000002,-3.06186422168,2.4599290069,19.4833700078,0.210557848401,0.151516113863,0.0,-3.04658046502,2.93093657184,5.24033170557,0.0276268819454,-0.0511024009938,0.0,422.6160007574293,422.40480971862,422.27740272923154,420.65748699677505
3.0600000000000023,-3.24842593366,2.64057550438,19.8031314175,0.211703610194,0.149141084454,0.0,-3.17175050138,3.09046709767,5.41724130394,-0.00937328396106,-0.0230905567662,0.0,500.8555964230866,502.8883256776161,501.4441032590259,498.74852940735684
3.1200000000000023,-3.44113259512,2.82892616781,20.1248141831,0.211208363338,0.147752903093,0.0,-3.25186186878,3.18785152183,5.30597447356,-0.00610476627814,-0.0232281014592,0.0,412.3485648146331,412.3363206795305,410.9093420095204,411.1991786674664
3.1800000000000024,-3.63873324689,3.02321990235,20.4404114019,0.210960516204,0.146153172705,0.0,-3.3348590309,3.28855691773,5.21427865767,-0.000449170841332,-0.0346084467644,0.0,417.68867936005597,416.6945351085338,417.5541097851362,418.0474017021235
3.2400000000000024,-3.84152056742,3.22383749241,20.7519306802,0.21106855222,0.144266650383,0.0,-3.42466816136,3.39861667673,5.16979209515,0.00595833865072,-0.0257624366959,0.0,433.0975592929442,433.8407171071046,431.89207424407675,432.43225220572754
3.3000000000000025,-4.05040245437,3.43207559686,21.0656090157,0.210923017746,0.14236379395,0.0,-3.53786612162,3.54240066628,5.28536614319,-0.0299233284588,-0.0475828918467,0.0,483.4799039411506,481.8324062699984,485.330328623877,482.6292152429039
3.3600000000000025,-4.26526731403,3.64775887595,21.380858356,0.208875507151,0.139443586992,0.0,-3.62421446467,3.64682315053,5.22322811823,-0.044233256611,-0.0509375833272,0.0,428.5416255415143,428.25474893908023,428.88244604856783,427.664445987181
3.4200000000000026,-4.48549001892,3.86994485731,21.693795878,0.206005580556,0.136640326443,0.0,-3.71640745186,3.75901246247,5.20808603638,-0.0562256093513,-0.0393997152416,0.0,442.0741877682081,443.0227532836322,444.53152036039427,443.54606930898956
3.4800000000000026,-4.71142184491,4.09908239571,22.0072727307,0.202598788947,0.133924585577,0.0,-3.81450259395,3.87840186676,5.24096408157,-0.0579115895205,-0.0607992487182,0.0,460.0409664142362,458.34177518595993,457.9872630894483,457.851016049074
3.5400000000000027,-4.94287330056,4.33479030029,22.32028994,0.199569770204,0.130084010506,0.0,-3.90040453723,3.97817661744,5.19323908384,-0.0387061730006,-0.0713554975649,0.0,432.7309614881488,431.83805221890503,432.3950935184874,434.0086049812992
3.6000000000000028,-5.1798504872,4.57703381994,22.6335444896,0.197285395593,0.125519296616,0.0,-3.99850474864,4.09618595747,5.24831851582,-0.036835836941,-0.0877611654961,0.0,466.33503914892543,465.04710719997894,464.6046481750943,464.750668875218
3.660000000000003,-5.42252197955,4.8260868276,22.9491167146,0.19479244371,0.120457680985,0.0,-4.09020535377,4.20520804282,5.27070427269,-0.0532060692162,-0.0783073800802,0.0,454.3503409817058,455.102129607929,456.8195361788188,455.51107147909147
3.720000000000003,-5.67073639792,5.08176953534,23.2668888324,0.192006762524,0.115617307397,0.0,-4.18326858407,4.31706999725,5.32151185707,-0.0354909518253,-0.0858784537502,0.0,464.69051120950905,464.09154231130066,463.78414047591434,465.1724893932874
3.780000000000003,-5.92433542665,5.34386124513,23.586571656,0.190029734277,0.111259109736,0.0,-4.26975585208,4.41898400629,5.33457680845,-0.0283012278373,-0.0544147523647,0.0,452.30425629054173,454.82733152987515,452.14524170361784,452.7238320270381
3.840000000000003,-6.18379454813,5.61321799307,23.9133673686,0.187989164455,0.108101867889,0.0,-4.37848696801,4.55896120813,5.55737143376,-0.0489900724059,-0.0492556435944,0.0,514.6823185852228,515.0459992264559,516.6519847442136,515.1905980880629
3.900000000000003,-6.4492636108,5.89008236629,24.2492968473,0.184874645019,0.1056118785,0.0,-4.470300757,4.66930136974,5.63985199732,-0.0584966381713,-0.0293078503911,0.0,477.1710955132946,478.69092976473036,476.64698450018153,475.91817600037416
3.960000000000003,-6.71984126207,6.17280763853,24.5866341151,0.181166806069,0.104003613689,0.0,-4.54897435809,4.75445162091,5.60497679255,-0.0693829399549,-0.0222172031023,0.0,440.0483362394664,440.6348813683658,442.6475892235716,441.74777040289075
4.020000000000002,-6.99499558318,6.46029190453,24.9205043329,0.17659386464,0.103523932593,0.0,-4.62295751941,4.8279459641,5.52455071983,-0.0955972052945,0.0111642264228,0.0,424.7686786338164,427.622588784102,426.1596451975258,423.90714873651297
4.080000000000001,-7.27466592617,6.75216565564,25.2500670551,0.170717001122,0.10413895612,0.0,-4.69960013836,4.90060572849,5.46129867007,-0.103115944894,0.00835705042187,0.0,429.7818355350206,429.5436592208144,431.10242390666076,430.45787827155436
4.14,-7.55883504249,7.04805018108,25.5745785561,0.164108546579,0.104298244115,0.0,-4.77292908902,4.96167681787,5.35643953189,-0.130359356945,-0.0123098662164,0.0,415.9892763236946,414.1750675400869,416.39058059558954,413.98749553971805
4.199999999999998,-7.84778672108,7.34801083567,25.8961685385,0.156341944341,0.103100249707,0.0,-4.85887174674,5.03613632346,5.36338176829,-0.127673411785,-0.0432608484702,0.0,451.55048169899607,449.0460164408525,450.5844928375988,450.7865485152306
4.259999999999997,-8.1419134532,7.65228356151,26.2183302138,0.149457079123,0.100394850183,0.0,-4.94529726814,5.10547477333,5.37551402517,-0.0968389877278,-0.0490238755554,0.0,452.62474432013767,452.159452298749,449.867990127909,452.3462368747869
4.319999999999996,-8.44118005327,7.96051540609,26.5409271471,0.143603981533,0.096919471435,0.0,-5.03017946452,5.16826173729,5.37791889214,-0.0990152490983,-0.0890790661795,0.0,450.3291913726377,447.0737426860015,448.0723165431068,447.8872477910265
4.379999999999995,-8.74583491544,8.27285972029,26.8670449792,0.138123571555,0.0913958255415,0.0,-5.12458354022,5.24240391853,5.49234487337,-0.0792538116162,-0.0988082991885,0.0,483.37848057276597,482.63814171742547,480.54452360309864,482.0339843433414
4.439999999999993,-9.05585606382,8.58917478679,27.197621196,0.133349700234,0.0853063810311,0.0,-5.20912160862,5.3008511038,5.52697308489,-0.0801929092,-0.107477203688,0.0,459.8084274783356,459.1123924715653,457.9318279568418,457.8522300355771
4.499999999999992,-9.37094587037,8.90898317017,27.5310802497,0.128344442974,0.0788896443485,0.0,-5.2934709478,5.35880224807,5.58832039389,-0.0908122079271,-0.105903948857,0.0,467.2290736018636,467.3423208249533,466.3932079109162,465.55749806309416
4.559999999999991,-9.69084010123,9.23184690987,27.865950099,0.122878770382,0.0741216453716,0.0,-5.36945966473,5.40275504216,5.57440933797,-0.0916648649511,-0.0513856772879,0.0,441.3482330393921,445.8196952933001,442.7394335150613,442.66225805354225
4.6199999999999894,-10.0153760082,9.55741377715,28.2015454259,0.117275847026,0.0711911620709,0.0,-5.44831293531,5.44881341486,5.61213295257,-0.0970559981633,-0.0441863551777,0.0,457.62754377049663,458.1989690901149,459.61494423113413,459.18029271147105
4.679999999999988,-10.3444356069,9.88529531105,28.5367223541,0.112005651988,0.0685061569792,0.0,-5.52035059186,5.48005260425,5.56095263001,-0.0738833660241,-0.0459017157447,0.0,429.83270730447873,429.6860521720667,429.745202020643,431.6984682331225
4.739999999999987,-10.6780444349,10.2153222021,28.872223604,0.107663945809,0.0654545462426,0.0,-5.59984762321,5.52028473576,5.62228569275,-0.069481641947,-0.0632935374382,0.0,465.99493092757024,464.63151171619404,464.1020973563158,464.44372402111674
4.799999999999986,-11.0162864765,10.5474691359,29.2096713016,0.103417015569,0.0613555740371,0.0,-5.67476485308,5.55082105383,5.62619685205,-0.0735175248453,-0.0809547181429,0.0,447.52446009043024,446.08061911322375,447.78801859606926,447.4557047156513
4.859999999999984,-11.3590822322,10.8815046204,29.5488626202,0.0990282250095,0.0563156617742,0.0,-5.75151293293,5.58316524348,5.68017896036,-0.0724150146207,-0.0909072948853,0.0,463.1148030771297,462.325619608254,461.7638777721205,461.84693038626057
4.919999999999983,-11.7065170195,11.2175296531,29.8928656199,0.094932150948,0.0507692586415,0.0,-5.8292983716,5.61710580855,5.78631520072,-0.0610532830658,-0.0956942112913,0.0,477.2326657013277,476.86049009974266,478.36114935262395,479.2225438659241
4.979999999999982,-12.0582601264,11.5549398816,30.2374386271,0.0910921361124,0.0452983547435,0.0,-5.89533164708,5.62960787063,5.70025668622,-0.0706602081209,-0.0834184799904,0.0,417.04292163957234,418.10641530450806,418.62692086925557,417.7865991779546
5.0399999999999805,-12.4139672333,11.8930940944,30.5776405655,0.0866944576267,0.0401268230517,0.0,-5.96143156955,5.64182761176,5.64045739295,-0.0791627691895,-0.0924091703804,0.0,425.41709848231255,424.63982060923723,425.1699840498021,424.4362281447588
